[126.002, 125.984, 84.032]
[172.266, 172.266, 87.593]
[140.009, 140.01, 139.675]
[135.808, 135.808, 135.999]
[86.106, 114.666, 86.133]
[172.266, 114.317, 85.421]
[116.597, 115.546, 86.857]
[140.032, 139.933, 140.148]
[172.265, 172.265, 86.133]
[147.598, 147.598, 73.828]
[140.028, 139.969, 69.837]
[119.988, 119.988, 120.185]
[139.712, 139.712, 69.837]
[87.496, 87.496, 87.593]
[116.657, 116.735, 87.593]
[139.914, 139.914, 139.675]
[93.1, 140.073, 69.837]
[85.458, 85.458, 85.421]
[172.266, 172.266, 87.593]
[86.734, 86.734, 86.857]
[150.75, 143.682, 76.0]
[83.917, 83.521, 84.721]
[165.013, 162.0, 126.048]
[105.267, 104.885, 70.074]
[166.561, 166.561, 84.032]
[89.942, 89.942, 89.878]
[64.931, 64.923, 130.012]
[98.002, 98.002, 97.971]
[139.99, 139.99, 139.675]
[137.002, 137.002, 136.9]
[93.27, 139.897, 139.675]
[140.04, 140.04, 139.675]
[163.944, 163.616, 82.031]
[123.016, 163.303, 123.047]
[172.266, 113.344, 84.721]
[69.881, 69.887, 70.074]
[140.012, 140.012, 139.675]
[172.266, 172.266, 84.721]
[86.975, 86.975, 86.857]
[166.604, 166.425, 84.032]
[139.596, 139.67, 86.857]
[126.987, 126.895, 126.821]
[155.838, 156.068, 78.303]
[92.86, 93.054, 70.074]
[139.917, 139.935, 139.675]
[144.824, 144.824, 72.788]
[63.051, 63.048, 126.048]
[123.012, 163.312, 123.047]
[86.001, 85.971, 86.133]
[122.863, 122.863, 123.047]
[139.954, 139.954, 139.675]
[147.974, 147.974, 147.656]
[99.055, 99.059, 99.384]
[87.181, 87.094, 86.857]
[93.03, 93.03, 93.538]
[132.59, 129.365, 135.11]
[127.825, 127.825, 127.604]
[140.053, 139.999, 140.148]
[140.03, 139.88, 69.837]
[184.571, 178.205, 89.878]
[113.206, 113.017, 84.721]
[140.015, 140.015, 139.675]
[98.684, 147.822, 147.656]
[86.238, 86.238, 86.857]
[132.461, 132.521, 132.512]
[86.967, 86.782, 86.857]
[69.887, 69.997, 140.148]
[139.792, 139.527, 139.675]
[135.96, 135.999, 135.999]
[156.433, 156.433, 78.9]
[111.35, 83.285, 83.354]
[125.992, 126.026, 126.048]
[125.984, 126.062, 126.048]
[125.812, 125.812, 126.048]
[147.954, 147.954, 147.656]
[161.574, 155.041, 80.124]
[139.816, 139.816, 139.675]
[140.0, 140.005, 139.675]
[66.519, 66.519, 133.367]
[118.015, 117.857, 118.125]
[138.244, 137.639, 68.906]
[184.571, 184.571, 93.117]
[141.773, 139.904, 139.675]
[161.55, 156.278, 78.9]
[140.0, 140.025, 139.675]
[63.504, 63.504, 126.821]
[165.509, 163.453, 84.032]
[139.951, 139.896, 139.675]
[64.38, 64.38, 129.199]
[140.065, 139.598, 139.675]
[123.469, 178.206, 63.024]
[83.914, 83.914, 126.048]
[72.028, 72.167, 72.027]
[115.692, 115.692, 86.857]
[131.756, 131.756, 131.668]
[172.265, 114.666, 86.133]
[112.007, 149.129, 111.74]
[172.266, 87.486, 87.593]
[87.453, 87.453, 87.593]
[140.003, 140.018, 139.675]
[93.21, 93.201, 69.837]
[139.875, 139.811, 139.675]
[117.611, 117.648, 117.454]
[117.512, 117.592, 117.454]
[117.612, 117.643, 117.454]
[86.626, 86.568, 86.857]
[90.053, 89.957, 89.878]
[89.982, 178.206, 89.878]
[116.725, 116.725, 116.79]
[120.014, 120.055, 120.185]
[161.499, 161.499, 80.124]
[129.689, 129.689, 65.006]
[147.994, 147.916, 147.656]
[137.009, 137.009, 68.906]
[123.064, 163.538, 123.047]
[156.11, 156.11, 78.303]
[82.507, 82.491, 82.358]
[172.266, 172.266, 85.421]
[133.182, 133.061, 133.367]
[139.956, 139.956, 70.074]
[162.775, 152.779, 80.75]
[132.112, 140.405, 97.509]
[140.091, 140.091, 139.675]
[125.867, 125.62, 126.048]
[85.01, 113.32, 84.721]
[139.994, 139.809, 139.675]
[149.971, 149.971, 149.796]
[127.012, 127.012, 126.821]
[86.459, 86.459, 86.493]
[139.985, 69.988, 70.074]
[125.075, 124.942, 125.284]
[139.9, 139.9, 139.675]
[86.601, 116.092, 86.857]
[141.818, 139.838, 69.837]
[139.935, 139.935, 139.675]
[139.901, 140.024, 139.675]
[129.968, 129.893, 86.493]
[142.059, 140.016, 139.675]
[64.004, 64.005, 127.999]
[139.854, 139.854, 139.675]
[87.199, 87.125, 87.593]
[140.104, 139.962, 139.675]
[86.967, 172.266, 86.857]
[84.04, 111.592, 84.032]
[140.01, 140.01, 139.675]
[115.723, 115.723, 86.857]
[112.478, 112.53, 112.347]
[82.536, 82.119, 82.688]
[92.97, 93.133, 93.117]
[139.881, 139.788, 140.625]
[152.739, 152.739, 114.844]
[113.011, 113.011, 85.069]
[90.11, 90.11, 89.878]
[87.005, 86.981, 86.857]
[172.266, 172.266, 87.593]
[161.698, 161.733, 160.247]
[126.945, 126.945, 126.821]
[119.978, 119.978, 120.185]
[86.914, 172.266, 86.857]
[139.778, 139.806, 139.675]
[86.977, 115.668, 86.857]
[127.047, 126.675, 127.604]
[140.005, 140.005, 140.625]
[139.873, 139.873, 139.675]
[80.111, 106.656, 80.124]
[138.071, 138.071, 137.812]
[142.101, 139.689, 139.675]
[100.716, 100.73, 100.349]
[139.902, 139.902, 69.837]
[139.983, 140.008, 139.675]
[139.804, 139.804, 139.675]
[172.266, 113.448, 86.857]
[63.818, 63.818, 127.999]
[92.946, 92.798, 93.117]
[141.876, 139.871, 139.675]
[142.078, 139.773, 69.837]
[140.007, 140.007, 139.675]
[139.844, 139.844, 70.312]
[161.499, 161.499, 80.124]
[79.854, 161.68, 80.124]
[111.604, 139.978, 139.675]
[125.939, 125.939, 126.048]
[63.563, 63.563, 126.821]
[172.266, 164.257, 88.341]
[140.019, 140.019, 139.675]
[84.83, 85.192, 85.069]
[85.032, 85.032, 84.721]
[128.371, 128.021, 128.397]
[120.007, 120.056, 120.185]
[139.939, 139.759, 139.675]
[125.923, 125.923, 126.048]
[84.796, 84.526, 84.721]
[117.026, 116.656, 87.593]
[107.664, 107.958, 107.666]
[70.152, 70.152, 70.074]
[117.596, 117.562, 117.454]
[116.689, 116.748, 116.79]
[116.663, 116.816, 116.79]
[84.931, 84.931, 84.721]
[131.096, 131.096, 130.835]
[172.266, 172.266, 86.857]
[106.662, 106.715, 80.124]
[116.007, 87.017, 86.857]
[93.129, 93.129, 139.675]
[123.0, 163.255, 123.047]
[95.046, 94.872, 94.825]
[126.004, 126.021, 126.048]
[122.381, 121.907, 121.958]
[118.426, 119.426, 119.491]
[125.227, 156.071, 62.642]
[85.603, 85.322, 85.421]
[141.812, 139.949, 139.675]
[162.053, 79.851, 120.185]
[84.977, 84.977, 84.721]
[172.266, 85.141, 85.421]
[86.796, 86.796, 86.857]
[136.013, 136.01, 135.999]
[120.14, 120.14, 120.185]
[86.664, 172.266, 86.857]
[84.946, 112.985, 84.721]
[84.549, 112.995, 84.721]
[85.877, 85.692, 86.133]
[87.016, 116.534, 87.593]
[139.875, 139.978, 139.675]
[116.545, 116.584, 87.593]
[150.807, 149.205, 146.609]
[87.034, 172.266, 86.857]
[172.266, 113.326, 84.721]
[86.535, 86.535, 86.857]
[127.999, 128.065, 127.604]
[140.03, 140.005, 69.837]
[172.266, 172.266, 84.721]
[139.993, 139.993, 139.675]
[140.17, 140.17, 139.675]
[87.59, 172.266, 87.593]
[98.697, 147.745, 147.656]
[139.973, 139.973, 139.675]
[82.973, 110.742, 82.688]
[120.007, 120.041, 119.837]
[132.992, 132.885, 133.367]
[140.0, 140.01, 139.675]
[128.145, 128.145, 128.397]
[110.009, 109.831, 109.957]
[140.02, 140.02, 139.675]
[84.984, 85.161, 85.069]
[128.799, 165.551, 85.421]
[98.656, 74.011, 73.828]
[140.005, 140.005, 139.675]
[140.006, 140.006, 139.675]
[69.798, 139.949, 70.074]
[86.494, 86.494, 86.857]
[129.38, 129.38, 130.012]
[140.058, 140.058, 139.675]
[139.825, 140.013, 139.675]
[116.025, 116.025, 86.857]
[87.729, 87.729, 88.341]
[87.507, 87.156, 87.593]
[86.655, 132.151, 132.512]
[115.712, 115.712, 86.857]
[84.996, 84.976, 84.721]
[114.949, 115.106, 115.485]
[107.852, 85.83, 86.133]
[90.041, 178.205, 89.878]
[116.809, 116.484, 87.593]
[124.945, 124.945, 125.284]
[134.369, 132.859, 133.367]
[93.384, 139.846, 139.675]
[172.266, 172.266, 86.857]
[144.037, 144.037, 72.027]
[139.964, 139.964, 139.675]
[139.935, 139.908, 140.148]
[172.266, 172.266, 86.133]
[139.992, 139.992, 139.675]
[140.017, 139.932, 139.675]
[124.294, 124.87, 125.284]
[140.006, 140.006, 139.675]
[139.934, 139.952, 69.837]
[63.379, 63.379, 126.821]
[146.966, 97.969, 146.609]
[123.907, 124.976, 125.284]
[139.869, 139.869, 139.675]
[132.879, 132.876, 88.341]
[139.923, 139.958, 139.675]
[140.022, 140.022, 139.675]
[116.211, 115.635, 86.857]
[126.097, 163.511, 126.048]
[140.037, 140.037, 139.675]
[124.326, 164.33, 126.048]
[147.981, 147.806, 147.656]
[172.266, 172.266, 84.721]
[172.265, 172.265, 86.133]
[140.049, 140.049, 139.675]
[69.906, 139.287, 70.074]
[95.029, 126.644, 126.821]
[148.016, 147.942, 147.656]
[114.566, 117.119, 121.599]
[87.048, 86.828, 86.857]
[172.266, 172.266, 87.593]
[127.998, 128.028, 127.604]
[88.718, 88.718, 89.103]
[163.615, 123.808, 82.688]
[147.876, 147.559, 147.656]
[110.128, 109.955, 109.957]
[135.866, 135.866, 135.999]
[115.286, 114.964, 115.485]
[119.961, 119.961, 120.185]
[98.48, 147.866, 73.828]
[172.266, 112.852, 84.721]
[172.266, 172.266, 87.593]
[139.954, 139.98, 139.675]
[140.006, 140.006, 139.675]
[139.984, 139.984, 139.675]
[73.736, 98.275, 74.093]
[139.986, 140.005, 139.675]
[86.078, 86.078, 86.133]
[119.86, 119.86, 120.185]
[87.548, 87.524, 87.593]
[139.925, 140.063, 70.074]
[172.266, 172.266, 86.133]
[80.009, 80.009, 80.124]
[142.017, 142.017, 141.588]
[125.989, 125.989, 126.048]
[126.01, 125.948, 126.048]
[139.655, 139.655, 139.675]
[172.266, 172.266, 86.857]
[172.266, 172.266, 85.421]
[128.182, 128.06, 128.397]
[117.623, 117.497, 117.454]
[85.007, 84.992, 84.721]
[85.87, 85.87, 86.133]
[89.999, 90.009, 89.878]
[128.925, 128.925, 129.199]
[147.996, 147.996, 147.656]
[67.44, 134.956, 135.11]
[125.985, 125.985, 126.048]
[82.68, 123.844, 82.688]
[120.032, 161.573, 120.185]
[110.296, 110.27, 110.545]
[172.266, 172.266, 86.133]
[164.616, 165.536, 82.688]
[126.918, 126.918, 126.821]
[110.029, 110.029, 109.957]
[140.034, 140.034, 139.675]
[86.624, 86.624, 86.493]
[63.872, 128.04, 127.999]
[172.265, 172.265, 85.421]
[99.996, 99.996, 149.796]
[143.896, 143.896, 71.777]
[110.838, 110.838, 83.354]
[120.015, 120.015, 120.185]
[119.997, 120.02, 120.185]
[102.461, 100.491, 103.359]
[145.99, 145.99, 73.045]
[126.014, 126.02, 126.048]
[123.749, 123.749, 123.784]
[112.003, 111.982, 111.74]
[122.04, 122.04, 122.319]
[123.052, 122.865, 123.047]
[122.004, 122.048, 122.319]
[122.003, 122.033, 122.319]
[94.928, 94.928, 94.825]
[140.019, 139.94, 139.675]
[172.266, 172.266, 87.593]
[71.726, 71.741, 71.777]
[125.895, 125.895, 126.048]
[128.021, 128.086, 128.397]
[70.122, 70.122, 70.074]
[98.394, 98.333, 123.047]
[139.869, 139.385, 139.675]
[184.571, 184.571, 90.666]
[100.021, 100.021, 99.864]
[80.237, 80.237, 80.124]
[126.022, 125.871, 126.048]
[125.97, 126.018, 126.048]
[139.945, 139.945, 139.675]
[139.886, 139.886, 139.675]
[86.931, 86.931, 86.857]
[135.959, 135.918, 135.999]
[172.266, 172.266, 86.857]
[161.499, 161.499, 80.124]
[129.979, 129.979, 130.012]
[140.024, 140.024, 69.837]
[91.907, 122.583, 91.875]
[139.77, 139.77, 139.675]
[139.999, 139.999, 139.675]
[142.103, 139.751, 69.837]
[123.393, 92.332, 93.117]
[125.913, 125.829, 126.048]
[172.266, 164.026, 64.0]
[139.911, 139.911, 139.675]
[151.883, 151.883, 76.0]
[148.0, 148.026, 147.656]
[116.652, 116.651, 87.593]
[139.983, 139.842, 69.837]
[87.509, 87.562, 87.593]
[140.018, 140.031, 139.675]
[141.702, 139.568, 139.675]
[128.716, 128.307, 128.397]
[79.988, 161.548, 80.124]
[139.977, 184.571, 69.837]
[104.96, 104.955, 104.403]
[134.43, 132.292, 133.367]
[119.936, 119.936, 120.185]
[127.936, 127.936, 127.604]
[123.994, 123.994, 123.784]
[80.055, 80.009, 80.124]
[75.003, 75.039, 74.898]
[140.014, 139.967, 139.675]
[126.03, 126.03, 126.048]
[90.016, 178.206, 89.878]
[122.024, 121.908, 122.319]
[123.931, 123.931, 123.784]
[115.643, 115.643, 86.857]
[125.977, 125.985, 126.048]
[139.858, 139.96, 139.675]
[86.615, 86.615, 86.857]
[130.002, 130.002, 130.012]
[126.085, 126.085, 126.048]
[123.0, 123.0, 123.047]
[139.991, 139.991, 139.675]
[87.549, 172.266, 87.593]
[89.133, 89.133, 89.103]
[184.57, 139.678, 93.117]
[140.032, 140.032, 139.675]
[142.251, 139.969, 139.675]
[161.654, 119.979, 120.185]
[139.747, 139.747, 139.675]
[162.789, 162.751, 84.032]
[162.25, 122.995, 120.888]
[172.266, 172.266, 84.721]
[87.431, 87.568, 87.593]
[166.165, 166.165, 83.354]
[125.981, 125.981, 126.048]
[164.039, 163.702, 82.031]
[127.926, 127.926, 127.604]
[172.266, 129.658, 87.593]
[141.846, 140.038, 139.675]
[85.047, 84.719, 85.069]
[139.991, 139.6, 139.675]
[128.428, 128.428, 128.397]
[129.947, 131.781, 131.668]
[86.986, 115.358, 86.857]
[178.205, 178.205, 89.878]
[86.868, 86.854, 86.857]
[130.035, 130.035, 130.012]
[184.571, 184.571, 93.117]
[63.742, 63.742, 64.0]
[87.167, 172.266, 86.857]
[87.895, 87.895, 88.341]
[116.426, 85.924, 86.133]
[120.009, 119.891, 120.185]
[66.034, 66.093, 132.089]
[86.901, 115.969, 86.857]
[86.779, 116.012, 86.857]
[86.817, 86.817, 86.857]
[99.043, 131.307, 99.384]
[124.006, 124.006, 123.784]
[111.634, 139.949, 139.675]
[141.797, 139.991, 70.074]
[125.993, 125.905, 126.048]
[116.487, 86.649, 86.857]
[87.067, 86.996, 87.593]
[88.963, 89.002, 89.103]
[172.266, 172.266, 87.593]
[140.014, 140.079, 139.675]
[125.916, 125.951, 126.048]
[94.981, 94.981, 94.825]
[126.027, 126.027, 126.048]
[116.977, 115.768, 116.134]
[116.902, 116.598, 87.593]
[92.442, 92.178, 92.285]
[154.521, 123.49, 123.784]
[118.14, 118.596, 118.804]
[87.825, 87.826, 131.668]
[86.054, 172.266, 86.133]
[140.016, 140.064, 139.675]
[69.993, 69.946, 70.074]
[106.006, 106.006, 106.01]
[122.018, 122.013, 122.319]
[126.011, 126.003, 126.048]
[85.143, 113.261, 84.721]
[184.571, 138.974, 70.312]
[86.024, 86.024, 86.133]
[128.608, 128.118, 128.397]
[139.995, 140.019, 139.675]
[106.483, 106.483, 80.124]
[86.495, 86.495, 86.857]
[147.906, 147.757, 147.656]
[116.74, 116.74, 87.593]
[172.266, 172.266, 87.593]
[120.005, 120.057, 120.185]
[86.812, 86.823, 86.857]
[86.957, 116.015, 86.857]
[139.957, 139.772, 140.148]
[123.413, 125.463, 126.048]
[84.891, 85.07, 84.721]
[139.988, 139.988, 69.837]
[172.266, 116.711, 87.593]
[139.936, 139.793, 139.675]
[86.941, 86.941, 86.857]
[139.965, 139.991, 139.675]
[128.328, 126.927, 126.821]
[80.184, 161.548, 80.124]
[98.676, 98.665, 147.656]
[84.02, 84.037, 84.032]
[139.843, 139.843, 139.675]
[128.049, 128.049, 128.397]
[147.815, 147.744, 73.828]
[163.973, 163.921, 82.031]
[172.266, 172.266, 84.721]
[125.974, 125.974, 126.048]
[128.044, 128.262, 128.397]
[172.265, 114.649, 86.133]
[86.891, 86.891, 86.857]
[128.336, 127.873, 127.604]
[133.73, 133.73, 134.233]
[122.057, 122.057, 122.319]
[129.94, 129.94, 130.012]
[148.042, 148.042, 147.656]
[150.607, 147.848, 147.656]
[139.955, 139.991, 139.675]
[86.002, 86.017, 86.133]
[127.186, 127.21, 126.821]
[119.985, 119.991, 120.185]
[163.963, 155.989, 63.411]
[70.016, 70.016, 70.074]
[72.507, 72.507, 72.533]
[139.833, 139.863, 140.148]
[124.96, 124.96, 83.354]
[147.087, 97.984, 146.609]
[82.432, 109.211, 109.957]
[85.997, 85.997, 86.133]
[148.004, 148.07, 147.656]
[140.003, 140.003, 139.675]
[117.999, 117.999, 118.125]
[139.772, 139.772, 140.625]
[79.958, 106.631, 80.124]
[86.979, 115.805, 86.857]
[147.989, 147.787, 147.656]
[125.989, 125.997, 126.048]
[98.644, 148.002, 147.656]
[143.839, 143.96, 143.555]
[114.365, 114.365, 86.133]
[142.269, 139.914, 69.837]
[126.062, 126.062, 126.048]
[142.955, 142.955, 71.282]
[79.902, 80.008, 80.124]
[109.836, 110.105, 109.957]
[116.671, 116.671, 87.593]
[87.006, 86.651, 86.857]
[148.058, 140.25, 149.796]
[140.044, 140.044, 139.675]
[139.848, 139.848, 93.538]
[139.874, 139.874, 139.675]
[123.732, 124.94, 125.284]
[128.355, 127.931, 128.397]
[115.923, 115.923, 86.857]
[119.951, 119.951, 120.185]
[92.99, 92.99, 93.538]
[139.866, 139.866, 139.675]
[93.188, 92.814, 93.538]
[140.001, 140.001, 139.675]
[135.947, 135.947, 135.999]
[141.853, 140.073, 70.074]
[139.512, 139.581, 138.737]
[128.306, 126.976, 126.821]
[140.023, 140.023, 69.837]
[139.988, 139.99, 139.675]
[86.037, 85.994, 86.133]
[98.693, 148.041, 73.828]
[89.845, 89.845, 89.878]
[120.02, 120.024, 120.185]
[125.981, 125.971, 126.048]
[70.081, 104.728, 70.074]
[114.656, 114.656, 86.133]
[110.007, 109.761, 109.957]
[120.079, 120.007, 120.185]
[116.01, 172.266, 86.857]
[84.76, 84.76, 85.069]
[112.361, 114.241, 114.844]
[140.032, 140.032, 69.837]
[139.99, 139.778, 139.675]
[139.946, 139.946, 139.675]
[135.99, 136.005, 135.999]
[113.134, 113.096, 84.721]
[140.007, 140.016, 139.675]
[70.003, 70.018, 70.074]
[172.266, 172.266, 84.721]
[119.995, 161.618, 80.124]
[152.925, 152.925, 153.125]
[142.004, 139.829, 139.675]
[139.998, 139.998, 139.675]
[172.266, 172.266, 88.341]
[128.035, 128.035, 127.604]
[86.976, 86.633, 86.857]
[110.006, 110.006, 109.957]
[116.438, 115.63, 86.857]
[140.047, 140.047, 139.675]
[85.392, 84.935, 85.421]
[84.96, 113.328, 84.721]
[141.67, 139.916, 139.675]
[113.346, 113.346, 84.721]
[84.767, 84.767, 84.721]
[123.017, 123.026, 123.047]
[156.605, 161.539, 119.837]
[139.976, 140.049, 139.675]
[64.983, 64.983, 130.012]
[132.288, 133.231, 72.279]
[111.73, 139.644, 93.117]
[140.228, 151.954, 92.285]
[139.747, 139.566, 143.555]
[139.883, 140.018, 139.675]
[65.935, 65.907, 132.089]
[128.617, 128.118, 127.999]
[113.351, 112.703, 84.721]
[86.709, 86.709, 86.857]
[86.991, 86.958, 86.857]
[140.145, 139.848, 139.675]
[123.956, 123.956, 123.784]
[87.249, 87.249, 87.593]
[120.088, 120.088, 120.185]
[112.944, 112.782, 112.961]
[148.025, 148.025, 147.656]
[120.047, 119.869, 120.185]
[141.714, 139.947, 139.675]
[147.999, 147.999, 147.656]
[116.684, 172.266, 87.593]
[126.057, 126.093, 126.048]
[126.015, 166.208, 126.048]
[82.428, 82.389, 82.688]
[98.668, 148.007, 147.656]
[140.009, 140.009, 69.837]
[140.026, 139.906, 70.074]
[148.051, 148.051, 147.656]
[116.454, 116.454, 116.79]
[110.698, 110.588, 83.02]
[139.936, 140.03, 139.675]
[140.001, 139.863, 139.675]
[136.711, 136.816, 136.9]
[128.504, 128.136, 128.397]
[125.991, 126.037, 126.048]
[172.266, 172.265, 87.593]
[84.529, 84.261, 84.721]
[112.03, 140.012, 69.837]
[125.995, 125.995, 126.048]
[87.537, 87.537, 87.593]
[87.097, 86.742, 86.857]
[143.232, 143.049, 142.565]
[144.465, 144.967, 144.559]
[104.042, 104.025, 77.714]
[132.485, 106.005, 66.256]
[111.795, 140.063, 139.675]
[113.306, 85.017, 84.721]
[84.883, 84.883, 84.721]
[85.848, 85.856, 85.775]
[140.212, 140.212, 99.384]
[116.944, 172.266, 87.593]
[85.891, 114.526, 114.844]
[139.995, 139.774, 139.675]
[112.563, 112.563, 84.721]
[151.289, 150.876, 75.445]
[128.386, 127.024, 126.821]
[139.963, 139.963, 139.675]
[116.514, 115.559, 86.857]
